$ANSIBLE_VAULT;1.1;AES256
32373638316437386238303931373236393662663139613962623939613638616566343037663465
3431616662653530313461373161643534383233363731350a663065383637623963343734653664
65333132303338663138383737393138643966333032623766313834623264313635303230613933
6636333630326261380a653162346433306439323131386631623634353337383530343138346338
35386637303236343861643936653730373934623462633334343665343738323664633161393139
34366332393066396139363366316538323064633238303562343263376339316232363534353961
34666330666334376230626238646230656161336639353532626334346632656636306235336431
31643365353438393539636539653031663466316662366665383832393439373135333433626230
65646261306462386238383538663161353061373462316436313264386266386231633037626330
66393634356563663532366139386530393035363735393732386237343136653133316139643763
64313539343033363164383461633061373336636531313764383932633234393637626263636537
66383961366463633339613662376335343932636131663039646432646165366633353539653233
38666437343930303264643066613564323964373065623865313361383065386336366164323235
66636539646333646562373734393939636362323362653536333165353064613339353933643033
61646365653564336135663835333266316635333033666563633563636639356266666564303235
39346335393866623636356439616565303339353136663231666335633361303333366165366536
39656565366434313664616165333462653364616464306531393231633839306436353932663334
61643761353131353538333132306335643938643434313065323030383663393230336135666236
33336564633031633261646137336539633435313962663839313163383165626265626639313139
32666436666133653966653465323963336139633964303236333139343235373330613865616533
63396332353230666634353035393263663931633730393137373264376236383335366366323531
62343132346363313135326336626664643737383430363362323834326434613764383931373830
63616333373464613538313434323530613439386437363931643234646165346330313833366535
63336137373262323132313135303738353039363361636132383866306239616337663132323233
63373634323032363662386562366136653365353566396132303634326139346334626561316464
3365646633616465393936383336653764613564313738393631
